year,mean_temperature,total_rainfall,mean_humidity,dengue_cases,searches
2012,27.543561643835616,2159.3,83.475,4632,123
2013,27.654794520547945,2748.4,81.69166666666666,22194,440
2014,27.918356164383564,1538.4,78.52499999999999,18326,287
2015,28.22472826086957,1325.0,76.89999999999999,11303,194
2016,28.44478021978022,1899.1,75.95,13179,271
2017,27.696153846153845,2053.8,82.625,2776,131
2018,27.884383561643833,1708.2,79.60000000000001,3285,133
2019,28.44301369863014,1367.5,76.64999999999999,15998,299
2020,28.01544715447155,2237.2,78.08333333333333,35315,425
2021,27.928296703296702,2534.2,78.45,5264,109
2022,27.881043956043957,2132.6,78.61666666666666,32175,332
